Fecha	EdBxCdR	EdBxAdM	EPxCdR	EPxAdM	ROA	ROE	AdMF	RdS	CadCxCdR	CadCxAdM	CodCxCdR	CodCxAdM	L
dic-96	0,373713813	1,306564929	0,145813047	0,379894959	0,015582941	0,120257019	0,785445086	0,133892031		0,066790642		0,318697133	0,078356414
ene-97	0,376228152	1,274892009	0,083705049	0,332306899	0,020454521	0,168498235	0,721141845	0,149616709		0,073593635		0,300038153	0,087385222
feb-97	0,3579421	1,279192598	0,086642451	0,34627689	0,016706794	0,134564492	0,735113705	0,148858687		0,074622224		0,298673807	0,055555
mar-97	0,357688995	1,279360739	0,136387988	0,408391149	0,017043615	0,137112723	0,733875029	0,140862854		0,076607239		0,291932275	0,064663902
abr-97	0,370310679	1,27394539	0,10408125	0,369724227	0,016408776	0,131646756	0,741461457	0,139194255		0,075651141		0,288715393	0,089464785
may-97	0,362835506	1,272361513	0,101810179	0,375318353	0,015928691	0,127245998	0,750444028	0,135811084		0,075740312		0,288799256	0,077687522
jun-97	0,357287172	1,274380279	0,108674974	0,376095629	0,015988723	0,126882371	0,759415116	0,133664699		0,073621695		0,296804827	0,072382699
jul-97	0,350978128	1,253690267	0,120697984	0,394361019	0,014313739	0,112793905	0,771018708	0,136419592		0,074747234		0,296525132	0,079633443
ago-97	0,350646054	1,251542873	0,108806323	0,38757416	0,013816795	0,108465499	0,780607282	0,132269339		0,076290038		0,291517561	0,07375166
sep-97	0,353171635	1,251600688	0,126786203	0,404677194	0,015189047	0,119286512	0,780405915	0,12705134		0,073985935		0,295594446	0,073392442
oct-97	0,346698335	1,245676534	0,120775486	0,396447439	0,014951711	0,117264118	0,787452519	0,124203172		0,072889973		0,280679279	0,051471859
nov-97	0,395114293	1,275401582	0,144309404	0,416764874	0,013203296	0,103945844	0,793161933	0,119778758		0,070527351		0,29425413	0,066835052
dic-97	0,351888739	1,253690445	0,207826318	0,476102176	0,013751332	0,108447543	0,824049961	0,120299799		0,068114394		0,289785874	0,02554544
ene-98	0,347812685	1,236584923	0,145109232	0,422142274	0,010980866	0,092164596	0,80829162	0,133727253		0,072556758		0,284212665	0,047197464
feb-98	0,34073302	1,232924963	0,145371055	0,422476356	0,006748137	0,055450018	0,835907179	0,133133875		0,075474612		0,273900776	0,008719839
mar-98	0,351235647	1,244506384	0,162199309	0,451461768	0,00640325	0,052950165	0,826477233	0,127720169		0,079623599		0,26637547	0,009488894
abr-98	0,313607738	1,192481747	0,163320688	0,473503499	0,004081397	0,0339512	0,856638223	0,122747402		0,081046754		0,263256668	0,007489572
may-98	0,304103606	1,197401136	0,176572451	0,492975704	0,003193191	0,026674623	0,874918658	0,126346343		0,080758632		0,257596871	0,016929844
jun-98	0,319283993	1,198734705	0,189802478	0,512393929	0,002127296	0,017771004	0,893736749	0,120454708		0,083033356		0,263824247	-0,010290191
jul-98	0,313404254	1,18145195	0,178910775	0,511569971	0,00098485	0,008223739	0,89898459	0,118329951		0,085897337		0,263465527	-0,003374194
ago-98	0,313193316	1,175238031	0,186050969	0,552034791	-0,000480301	-0,004024749	0,90637721	0,121725203		0,091134783		0,263450622	-0,008167508
sep-98	0,311735143	1,1674105	0,18426352	0,563479732	-0,002485612	-0,0209365	0,929740145	0,119942842		0,092596806		0,268419805	-0,027265951
oct-98	0,302963059	1,157898204	0,175005885	0,594783404	-0,008583847	-0,072496944	0,94509902	0,118622501		0,103717871		0,259062887	-0,021010922
nov-98	0,311827636	1,159494537	0,199128535	0,666972977	-0,01059546	-0,090442159	0,971510283	0,114383645		0,112849841		0,246574994	-0,008502167
dic-98	0,300485638	1,146130383	0,210436127	0,814341579	-0,026616918	-0,232632065	1,135797436	0,101065408		0,111208357		0,370515134	0,008630674
ene-99	0,313507605	1,127825634	0,144552896	0,806536534	-0,012390193	-0,128420054	1,06098841	0,104821655		0,12652632		0,332247184	0,029079996
feb-99	0,310244022	1,111508008	0,150877233	0,869033016	-0,019954424	-0,20253553	1,159316274	0,107184412		0,134739752		0,318122894	0,020889749
mar-99	0,29234742	1,096083237	0,156385613	0,948775455	-0,020271707	-0,207481305	1,170350323	0,107824732		0,145405334		0,306394342	0,035953757
abr-99	0,305550168	1,09101398	0,126012659	1,010177635	-0,023731762	-0,242935666	1,22037102	0,110829209		0,15581526		0,303748842	0,048048818
may-99	0,289036799	1,091271728	0,190702338	1,054712852	-0,024605551	-0,254979896	1,207590998	0,109682374		0,148548158		0,317536651	0,045427274
jun-99	0,284264347	1,08659973	0,165732761	1,087321556	-0,028638101	-0,299771926	1,245419632	0,106699803		0,14305045		0,347292468	0,024426418
jul-99	0,853932433	1,106247124	0,922260883	0,887244554	-0,022066403	-0,235313573	1,172867528	0,104760124	0,255331295	0,139756351	0,259594215	0,340883236	0,031622907
ago-99	0,930771931	1,109607355	1,121441126	0,84213372	-0,024405849	-0,256919856	1,198833122	0,102760686	0,284722419	0,140765845	0,18659908	0,315171196	0,022058015
sep-99	1,067518369	1,124667533	1,036020768	0,788282522	-0,024971526	-0,259636094	1,216652343	0,110657303	0,25922377	0,138474204	0,177319784	0,323733319	-5,60E-05
oct-99	1,064364294	1,113788955	1,185632548	0,826561937	-0,026943804	-0,278230335	1,24583192	0,106253246	0,290703656	0,149094947	0,167554312	0,327224489	-0,008608556
nov-99	1,065834414	1,100774562	1,318291977	0,95202639	-0,026968964	-0,278742285	1,249873559	0,112514311	0,296988131	0,170869	0,185378072	0,32818546	0,027824838
dic-99	1,080396119	1,126229835	1,30761113	0,964971931	-0,033243048	-0,346973673	1,319129424	0,104862942	0,259997617	0,144417423	0,190447906	0,342420308	0,008768281
ene-00	1,098972928	1,134311485	1,172946221	0,924411336	-0,002934325	-0,028668668	0,955556587	0,106255945	0,242902234	0,154130607	0,192856207	0,303360087	0,064571571
feb-00	1,142996707	1,175339839	1,114911448	0,864837017	-0,080743703	-0,603242969	1,824729993	0,114654414	0,229793139	0,151902897	0,2670319	0,403934722	0,03107209
mar-00	1,153268353	1,187243861	1,031882782	0,779706342	-0,05719408	-0,477791747	1,505311479	0,118615866	0,235357207	0,145348984	0,279787418	0,453023135	0,045126773
abr-00	1,16494049	1,197375771	0,999712274	0,75849497	-0,054366346	-0,468178654	1,476173008	0,113924732	0,225457085	0,140710088	0,29134664	0,466819154	0,036566172
may-00	1,174016668	1,207325862	0,930687678	0,694377429	-0,048029199	-0,427232668	1,399555391	0,113755249	0,217287576	0,119698809	0,244446896	0,443741036	0,053078933
jun-00	1,166414902	1,206331507	0,992386309	0,690688255	-0,048123124	-0,437236581	1,388317467	0,114369239	0,223549439	0,113269143	0,267800595	0,528534703	0,048639577
jul-00	1,172453917	1,207910251	0,992624297	0,731648827	-0,045878841	-0,427073656	1,365257193	0,120316436	0,223445367	0,121806525	0,268636573	0,492794599	0,045965914
ago-00	1,209140219	1,196123227	1,06317481	0,76554601	-0,041902534	-0,400491358	1,326175222	0,120486978	0,232064147	0,129298363	0,252862117	0,481943333	0,046439417
sep-00	1,146810537	1,19177996	1,05337641	0,73475711	-0,041003963	-0,397316953	1,312525967	0,12385898	0,257700607	0,134849951	0,260484986	0,497791348	0,030145317
oct-00	1,136607794	1,192312874	1,138089171	0,757201528	-0,033984638	-0,335042396	1,241831552	0,123029345	0,270963926	0,125924205	0,193365918	0,416085122	0,024549658
nov-00	1,14099577	1,200857422	1,203862204	0,788064221	-0,032146253	-0,321244204	1,19801674	0,126980148	0,274738374	0,123675219	0,19955136	0,442631789	0,021178182
dic-00	1,163674853	1,225942917	1,21818065	0,761286217	-0,033499298	-0,340293078	1,210078215	0,122167341	0,291321489	0,118509152	0,220733937	0,542612432	0,035782441
ene-01	1,125904027	1,186406172	1,228243708	0,769809245	-0,005578644	-0,056933412	0,9639706	0,125471595	0,29230594	0,123494364	0,224219729	0,530718622	0,065456147
feb-01	1,117876602	1,179560518	1,230368472	0,771641396	-0,003694997	-0,037685395	0,942495138	0,127528405	0,300027369	0,124912789	0,213656047	0,513179333	0,066958328
mar-01	1,129216311	1,185732413	1,106638229	0,706217325	0,00981709	0,102930149	0,802721693	0,126357963	0,295229833	0,123421429	0,222286611	0,531719977	0,080212317
abr-01	1,141306212	1,197228303	1,071809299	0,682601774	0,009241559	0,095074122	0,826454495	0,126298944	0,29386758	0,120569204	0,216320565	0,527245751	0,062977
may-01	1,130590741	1,191594445	1,108061357	0,682126409	0,009010622	0,091523962	0,833637312	0,124410141	0,307047497	0,116502566	0,206659172	0,544659089	0,06055087
jun-01	1,136513035	1,197288547	1,114292995	0,688111066	0,008053684	0,081016323	0,836848319	0,124362728	0,299609777	0,113703199	0,215235742	0,567149678	0,05594581
jul-01	1,136148284	1,196714058	1,108443766	0,679291751	0,007742623	0,077476484	0,841014358	0,128102533	0,297775103	0,114943365	0,227394011	0,589092507	0,06429024
ago-01	1,132394387	1,189331418	1,068653832	0,659471964	0,007202495	0,071753458	0,844608984	0,124984273	0,286669845	0,115601271	0,236200458	0,585733599	0,074647825
sep-01	1,14250087	1,199696903	1,048713657	0,64139294	0,00726436	0,072113194	0,841111416	0,124527267	0,288116995	0,114633571	0,246824687	0,620362662	0,057788138
oct-01	1,141454625	1,198955676	1,037144509	0,623151253	0,007349889	0,072773356	0,83917721	0,122207521	0,277661115	0,111893159	0,270201041	0,670499636	0,040677226
nov-01	1,155158969	1,211014858	1,022316423	0,626659994	0,007354501	0,072686228	0,837084705	0,122719489	0,281315636	0,11035257	0,261483921	0,665784286	0,04293832
dic-01	1,210142133	1,265933918	1,002014689	0,618267174	0,006711718	0,066175648	0,841416104	0,119547116	0,264599098	0,103555825	0,295740875	0,75565782	0,097260266
ene-02	1,168542901	1,213504559	0,929962975	0,614954075	0,012046613	0,122226889	0,75982375	0,127808523	0,25588763	0,112185532	0,314598862	0,717592227	0,080203922
feb-02	1,182314669	1,227407199	0,924595883	0,606186099	0,01216048	0,123957845	0,777897508	0,130996663	0,257878076	0,111975603	0,314253368	0,723720633	0,081164941
mar-02	1,184530308	1,230867679	0,966547924	0,636813084	0,013114461	0,134475606	0,772616677	0,129480487	0,265897715	0,113385651	0,311829464	0,73126309	0,093297299
abr-02	1,190754913	1,236405674	0,930716841	0,603564052	0,013598612	0,139693322	0,767114261	0,130424649	0,263435276	0,112111185	0,316074208	0,742701063	0,098258828
may-02	1,197061544	1,242922471	0,877341458	0,563514597	0,013938742	0,141724929	0,763460985	0,129861893	0,257489432	0,111945354	0,327948227	0,754325235	0,129114755
jun-02	1,212118002	1,257382755	0,893352113	0,583193198	0,014432103	0,145911284	0,763012862	0,126688713	0,24834331	0,109203544	0,331778172	0,75450747	0,147216549
jul-02	1,197619078	1,244282244	0,91834305	0,599812396	0,013364308	0,133774768	0,772408643	0,129855405	0,243823353	0,105499912	0,333353706	0,770421668	0,106987177
ago-02	1,200946126	1,246851158	0,898432065	0,576029386	0,011234763	0,111728779	0,792715896	0,120342095	0,242305091	0,103649291	0,33472077	0,782490122	0,111621902
sep-02	1,215705108	1,258332924	0,907201489	0,600892028	0,011300516	0,112449806	0,79016817	0,118268266	0,226431531	0,101624046	0,349265841	0,778209514	0,226511154
oct-02	1,198265157	1,24104887	0,913027962	0,603961779	0,01164822	0,115807327	0,782563567	0,117947772	0,22715194	0,10084312	0,347271388	0,782238488	0,217490475
nov-02	1,213940162	1,256563412	0,889375123	0,587181088	0,01242463	0,123247415	0,772637513	0,119050367	0,224890051	0,100586927	0,351734567	0,786400454	0,223094153
dic-02	1,241414162	1,287677496	0,932531052	0,612330237	0,011709651	0,115821663	0,788015726	0,117158988	0,218818015	0,095098186	0,361080795	0,830835856	0,221066017
ene-03	1,226229542	1,271296884	0,847250833	0,537242222	0,015133362	0,157622308	0,742085637	0,12398569	0,218461167	0,094679617	0,361642467	0,834443966	0,231370223
feb-03	1,224512708	1,267337922	0,815431519	0,51680293	0,016179078	0,168809946	0,738323488	0,122772055	0,211278661	0,094376235	0,368646638	0,825283695	0,23191925
mar-03	1,22424779	1,270089387	0,86837511	0,541116615	0,019231323	0,203570725	0,709183602	0,117010781	0,209581609	0,092771925	0,3653579	0,825382208	0,230688302
abr-03	1,225883909	1,266569159	0,827445253	0,542905765	0,020149141	0,212178454	0,706471482	0,117516123	0,20252646	0,090505789	0,371475184	0,831256817	0,221953514
may-03	1,228093148	1,267481446	0,768141022	0,499248548	0,021069475	0,219281632	0,699815161	0,119484468	0,199638026	0,090114747	0,3731136	0,82658683	0,213215829
jun-03	1,24677728	1,285867617	0,752959199	0,490054531	0,019730784	0,202227795	0,717726569	0,121119694	0,198906671	0,086315387	0,374881791	0,86388408	0,207931155
jul-03	1,242754918	1,28078297	0,733061197	0,484607656	0,020227053	0,204320621	0,711633381	0,127810213	0,190042229	0,084553256	0,391223299	0,879315022	0,207045991
ago-03	1,251262982	1,290215053	0,719184685	0,466153274	0,020775219	0,207214597	0,70483943	0,125490593	0,190744291	0,084420135	0,38519728	0,870339551	0,2067792
sep-03	1,248318499	1,284658385	0,71723742	0,475941642	0,020398627	0,201364366	0,707687868	0,122879017	0,185175659	0,082601255	0,395312661	0,886212718	0,19192687
oct-03	1,248212007	1,284160055	0,690381626	0,45289653	0,0201132	0,196522735	0,711013245	0,121846364	0,17994936	0,080412673	0,398959117	0,892800038	0,190358017
nov-03	1,267716892	1,302125875	0,68396332	0,454819134	0,019912057	0,193113144	0,712802153	0,120755065	0,180863423	0,078599859	0,390739925	0,89911816	0,203581473
dic-03	1,283547815	1,318706531	0,733733428	0,501924689	0,019854774	0,191304588	0,713456501	0,121424913	0,173109318	0,072581879	0,392755275	0,93672965	0,204064862
ene-04	1,279486663	1,314104522	0,659165677	0,435703732	0,024695224	0,253922501	0,659960233	0,130512478	0,170677655	0,074411078	0,40348674	0,925482765	0,227043568
feb-04	1,275493355	1,309682354	0,623633504	0,402186842	0,025725446	0,262404023	0,647362344	0,131548891	0,167476398	0,072424059	0,409315956	0,946519204	0,229930414
mar-04	1,279498337	1,312671222	0,636105345	0,418471002	0,031132057	0,321333165	0,613838011	0,128312776	0,167036376	0,07221172	0,41707996	0,96476756	0,239592873
abr-04	1,285527696	1,318175675	0,614809755	0,40038637	0,028292031	0,287456988	0,631737381	0,126903947	0,164255518	0,072067527	0,420359454	0,958078671	0,249867247
may-04	1,273213688	1,306253161	0,622876221	0,405266916	0,026489179	0,265527589	0,641049554	0,126244405	0,164004925	0,067978185	0,400760348	0,966878868	0,232847768
jun-04	1,277562243	1,309131175	0,605998013	0,397040741	0,0257951	0,256225163	0,649807456	0,129636819	0,148294253	0,057609924	0,412969314	1,063028244	0,225761974
jul-04	1,278003754	1,308983027	0,569231856	0,366898817	0,025391543	0,249451674	0,653167105	0,133495786	0,14369923	0,057234856	0,422255547	1,060154618	0,233809983
ago-04	1,272332864	1,30174751	0,538647099	0,345972936	0,026126727	0,254215938	0,64989278	0,132970485	0,134984061	0,051746305	0,435001124	1,134732582	0,224636732
sep-04	1,282185752	1,311051554	0,510610265	0,31925503	0,026705417	0,257804761	0,643177797	0,129236326	0,126228872	0,046459262	0,45033427	1,223549065	0,238079132
oct-04	1,284693658	1,312743793	0,468816368	0,28394402	0,026477994	0,253144911	0,645965202	0,129272325	0,123090411	0,045092116	0,447307817	1,221040566	0,219087501
nov-04	1,296909902	1,32363099	0,497191305	0,323615922	0,026279602	0,248857864	0,648078943	0,12902142	0,117544078	0,042673724	0,440272178	1,212722544	0,247492559
dic-04	1,338630753	1,364199723	0,466361563	0,306523448	0,026900735	0,252155571	0,643442205	0,129172073	0,105029451	0,034958195	0,470954813	1,414950786	0,264340944
ene-05	1,309587173	1,334390875	0,430723948	0,275020843	0,025924716	0,257432958	0,628477814	0,145786509	0,107061776	0,036697119	0,46279595	1,350181107	0,270413966
feb-05	1,310238479	1,334627583	0,418666027	0,268274286	0,027693313	0,271359959	0,630815089	0,145018812	0,106093463	0,037358052	0,461997551	1,31203095	0,2617313
mar-05	1,297868404	1,322141906	0,471935599	0,31212167	0,025833312	0,253840589	0,64617047	0,130512896	0,105341999	0,036239642	0,450847863	1,310532114	0,266374718
abr-05	1,318656671	1,342305558	0,398755053	0,244937358	0,027788936	0,274003487	0,633878663	0,131137791	0,102469277	0,035692697	0,462958637	1,329096446	0,268308427
may-05	1,310071535	1,333144927	0,409358213	0,262144145	0,028268511	0,276140973	0,629157763	0,131274873	0,104045118	0,035810328	0,451097926	1,310642463	0,261028341
jun-05	1,309830196	1,333153941	0,413855765	0,268141828	0,029779719	0,2876746	0,60818523	0,13048868	0,099781098	0,033418194	0,459935387	1,373289607	0,263311307
jul-05	1,304695167	1,325364885	0,363503452	0,23414241	0,029372862	0,279441333	0,618775131	0,13008396	0,099705963	0,03325569	0,451305554	1,353087375	0,277709703
ago-05	1,303341776	1,32417109	0,358019977	0,228807767	0,029296991	0,274677194	0,615964058	0,129887023	0,09428543	0,032830782	0,48084201	1,380911248	0,265925246
sep-05	1,316373662	1,336893835	0,329990963	0,206043442	0,030892695	0,285522588	0,607918391	0,128212181	0,088108817	0,031548202	0,513806894	1,43497617	0,285855517
oct-05	1,305047623	1,324152515	0,323280901	0,206398825	0,029680127	0,270216942	0,616912801	0,125428525	0,088825203	0,032522704	0,507299361	1,385523457	0,282398555
nov-05	1,321685738	1,340939771	0,328005296	0,211996307	0,028938722	0,259947405	0,62117749	0,128652946	0,089852421	0,031292994	0,492013207	1,412730852	0,296770607
dic-05	1,367486632	1,387923394	0,315881691	0,195498941	0,027891996	0,247716135	0,628826348	0,12906056	0,082322275	0,026639393	0,54016749	1,669250343	0,275155102
ene-06	1,331861791	1,351013539	0,286256817	0,175330412	0,022324941	0,199104721	0,684411893	0,152166417	0,085205158	0,028748248	0,526886637	1,561606808	0,268147464
feb-06	1,32557069	1,344488232	0,270247716	0,161275251	0,024804164	0,219809387	0,636008505	0,151047947	0,081327843	0,02897468	0,550388322	1,544862467	0,263088905
mar-06	1,324313238	1,343234527	0,27593809	0,159847888	0,029208543	0,264954018	0,608154639	0,136881296	0,081570966	0,029581007	0,551690396	1,521311228	0,259452796
abr-06	1,364991974	1,383837935	0,280968396	0,168039585	0,027376588	0,247830068	0,627963846	0,133128533	0,081250594	0,030213997	0,540708485	1,454057395	0,250049073
may-06	1,305409977	1,323248474	0,31508976	0,194150036	0,023091743	0,21019483	0,66125397	0,123963877	0,079332276	0,034720661	0,544436165	1,243967117	0,208590914
jun-06	1,299766308	1,316731434	0,322123278	0,201130806	0,020471132	0,188442903	0,681099841	0,117750483	0,074326358	0,027536373	0,554498956	1,496707214	0,174992331
jul-06	1,296206108	1,313098744	0,296995084	0,183107466	0,020281241	0,186904428	0,685931415	0,122166612	0,074586518	0,028573153	0,554003895	1,446155455	0,155733715
ago-06	1,304575492	1,320794895	0,278868486	0,174320279	0,021714076	0,199313512	0,676701093	0,126156678	0,07009442	0,026328063	0,582439848	1,550656526	0,131164094
sep-06	1,306121393	1,322168129	0,270742641	0,163671569	0,021283259	0,194814918	0,681377931	0,121480677	0,067811089	0,026700036	0,599981749	1,523796292	0,127210753
oct-06	1,300383202	1,315776658	0,270554491	0,169214019	0,021243841	0,1934834	0,678648887	0,124401552	0,06867302	0,027120735	0,596529951	1,510486871	0,125682359
nov-06	1,319313329	1,333967273	0,268802642	0,173176021	0,020543588	0,18617305	0,682266884	0,121386543	0,064792553	0,02665112	0,62024919	1,507911445	0,139462007
dic-06	1,349955565	1,365456932	0,295976342	0,19998873	0,020829989	0,187427416	0,683229494	0,122612264	0,065976147	0,025543082	0,61203263	1,580841125	0,129429581
ene-07	1,319517336	1,334554939	0,267120885	0,172965588	0,014180572	0,131434895	0,726672899	0,132523577	0,065694846	0,026933121	0,617708918	1,50670588	0,112377118
feb-07	1,308997392	1,323575701	0,239867067	0,145512339	0,015924068	0,149318232	0,734273432	0,129743061	0,065979048	0,02760217	0,613192754	1,465749772	0,101568949
mar-07	1,338330385	1,35357168	0,254089127	0,15362427	0,024210043	0,235523194	0,653507812	0,117750091	0,067526316	0,027615044	0,602656914	1,473660564	0,135983832
abr-07	1,332706612	1,347289149	0,236798443	0,139641952	0,022756177	0,220935623	0,668562063	0,12031412	0,066935708	0,028993765	0,609386967	1,406845513	0,124736752
may-07	1,363468789	1,378981462	0,249051079	0,149979713	0,022401858	0,216098133	0,675584573	0,125921604	0,06433189	0,028121048	0,63057667	1,442556087	0,124199336
jun-07	1,322415728	1,337184782	0,2503201	0,153661172	0,022589996	0,216402102	0,676720352	0,125547723	0,070373724	0,029078616	0,582707822	1,41022254	0,091086341
jul-07	1,337381364	1,354828578	0,249855441	0,1445916	0,022457338	0,211204743	0,684308788	0,135831748	0,066973772	0,03016391	0,629535215	1,397774619	0,118048171
ago-07	1,322701814	1,339803681	0,233612481	0,129931662	0,024197068	0,224326954	0,669381526	0,134401579	0,066948064	0,030148172	0,61947473	1,375628918	0,093844962
sep-07	1,343243391	1,359054603	0,23938265	0,138267134	0,02221211	0,204243163	0,687092438	0,129230545	0,066000272	0,030855832	0,629540351	1,34657961	0,105138319
oct-07	1,318494769	1,334396778	0,245129076	0,14232499	0,021951982	0,200459157	0,68737052	0,129405239	0,068624193	0,031619893	0,610219148	1,324349724	0,091427461
nov-07	1,332753657	1,348419851	0,265772437	0,165303608	0,021896714	0,198706581	0,68904994	0,127168992	0,067558716	0,032720869	0,616106633	1,272074181	0,106546643
dic-07	1,35688478	1,373845999	0,282414029	0,179470539	0,021994501	0,19773699	0,693986313	0,131080041	0,067910489	0,031614325	0,634061603	1,362022848	0,100951102
ene-08	1,34950697	1,36625843	0,271112092	0,167648495	0,017656005	0,166693991	0,68512308	0,140203413	0,070848784	0,034028835	0,619660074	1,290145929	0,101060723
feb-08	1,308416612	1,323615319	0,25217789	0,15633517	0,019773001	0,185628184	0,678460139	0,139007098	0,071822191	0,034895858	0,607309462	1,24995626	0,084269666
mar-08	1,317400521	1,33326229	0,297243227	0,193340323	0,028306521	0,274639328	0,634247372	0,128141051	0,072543469	0,037278587	0,608264021	1,183670989	0,091902892
abr-08	1,339667262	1,355093767	0,255731851	0,155956892	0,027489787	0,26555408	0,643368067	0,132516607	0,072346259	0,037854768	0,628458634	1,201080682	0,089734371
may-08	1,337895293	1,353977891	0,257777502	0,157004518	0,026981577	0,257292248	0,656646777	0,132498097	0,074409509	0,03871464	0,618259013	1,188293343	0,097216215
jun-08	1,327367929	1,343300181	0,261474019	0,159429439	0,025669445	0,242171047	0,67441289	0,129766235	0,073909234	0,036783975	0,605355602	1,216327751	0,066437913
jul-08	1,320540576	1,339824254	0,285543714	0,165137093	0,02652672	0,247570448	0,667281351	0,133989952	0,081323098	0,037007219	0,565348572	1,242349411	0,065603594
ago-08	1,3185136	1,337430042	0,25144249	0,135037202	0,026524841	0,244097777	0,665896131	0,133676724	0,084739125	0,038994759	0,552958391	1,201628408	0,076511585
sep-08	1,321680884	1,340363046	0,281508441	0,162601253	0,026635966	0,243183868	0,669314122	0,125844447	0,083094184	0,038661637	0,55969971	1,202944148	0,08235826
oct-08	1,300085867	1,318440708	0,278486195	0,158476199	0,025744812	0,23328409	0,6795142	0,123474118	0,085199901	0,038413369	0,538956377	1,195391905	0,075703811
nov-08	1,324914529	1,34381243	0,283834903	0,163217976	0,025138809	0,226078685	0,683531022	0,12378561	0,090547167	0,040929778	0,519875383	1,150097686	0,085785856
dic-08	1,338675089	1,358160621	0,305376832	0,185290272	0,024331555	0,21682283	0,693170224	0,124702071	0,086624341	0,037835041	0,549931665	1,25908329	0,100308727
ene-09	1,330380878	1,349118244	0,273952173	0,158968493	0,021484378	0,200527609	0,707942553	0,140231237	0,088673244	0,040916005	0,54862048	1,188971337	0,117023743
feb-09	1,316276661	1,335555662	0,266108793	0,147869047	0,02437036	0,226369407	0,690029774	0,140715959	0,090442787	0,041950018	0,544934582	1,174860097	0,125608009
mar-09	1,316601621	1,336232295	0,277621298	0,15343811	0,028626126	0,269361772	0,662458353	0,136564468	0,092759242	0,042776566	0,54750674	1,187246073	0,134537668
abr-09	1,329277637	1,349503841	0,276234425	0,151951297	0,027065907	0,251167551	0,652376985	0,1377427	0,094290254	0,044363391	0,549916656	1,168796621	0,121932923
may-09	1,333470014	1,35400474	0,256301759	0,132887519	0,025466309	0,23232705	0,6639513	0,13582636	0,095132436	0,044285233	0,539343325	1,158603913	0,133096509
jun-09	1,329341384	1,350062987	0,273657864	0,149625835	0,024476503	0,220170483	0,669606387	0,136911604	0,092468449	0,043423306	0,554920539	1,18168437	0,117032213
jul-09	1,316776436	1,337082136	0,260773426	0,141578301	0,02405303	0,212969523	0,670331433	0,140576883	0,090787594	0,042714948	0,57366439	1,21928301	0,123866469
ago-09	1,336679559	1,357445135	0,246175065	0,129232566	0,023488963	0,204406294	0,674949862	0,141561019	0,092152323	0,044754092	0,579787999	1,193830747	0,12397167
sep-09	1,336769893	1,359267923	0,246155243	0,121537941	0,024235813	0,207675654	0,664511868	0,141116845	0,09068107	0,042866055	0,584502759	1,236487362	0,126911187
oct-09	1,335319342	1,355056414	0,225041496	0,114655115	0,023552852	0,198990398	0,668096806	0,140947846	0,0909154	0,043133224	0,590949789	1,245592882	0,141735586
nov-09	1,363367114	1,383724166	0,256593607	0,145235796	0,023190271	0,193566371	0,670391178	0,138974473	0,09156076	0,043313584	0,593791965	1,255219233	0,153212342
dic-09	1,368237217	1,389275602	0,254872418	0,143964576	0,022404505	0,184455401	0,676939891	0,140531222	0,09342619	0,039134049	0,582734126	1,391183125	0,144328759
ene-10	1,374970639	1,395008591	0,22959234	0,121970446	0,012990717	0,105550626	0,742964264	0,152402234	0,093189488	0,041190914	0,585078165	1,323668955	0,141620946
feb-10	1,363227871	1,383669239	0,219356011	0,110811849	0,018908291	0,153892413	0,680992381	0,15309626	0,093308034	0,042034604	0,581064549	1,289841817	0,135684577
mar-10	1,355100009	1,375919778	0,245410986	0,131181265	0,028381075	0,236738599	0,607078379	0,143943616	0,095633707	0,04257899	0,570879262	1,282212201	0,140795964
abr-10	1,369960073	1,390303992	0,227797692	0,118339267	0,026568716	0,219041067	0,617769684	0,143180963	0,09161342	0,042587935	0,590349594	1,269935835	0,145113353
may-10	1,374679272	1,395362073	0,223287252	0,115113066	0,025072691	0,203554642	0,63195498	0,144217908	0,090650667	0,040623611	0,588966215	1,314264761	0,144444604
jun-10	1,36138093	1,38254319	0,227459895	0,113236393	0,024255938	0,195372893	0,638875081	0,141658116	0,089771319	0,037693895	0,579694753	1,380593946	0,120853073
jul-10	1,366668309	1,3871498	0,211012825	0,102225719	0,024105153	0,192449131	0,63868597	0,151172645	0,088409714	0,03807166	0,584984067	1,358445474	0,133931014
ago-10	1,373687808	1,393947796	0,204836003	0,09890934	0,024334746	0,192475017	0,637880445	0,15211075	0,083479247	0,036494716	0,615414878	1,407720796	0,125642301
sep-10	1,364857201	1,385067498	0,19576312	0,090230006	0,023853863	0,186722525	0,639545962	0,148534755	0,078026335	0,033105634	0,639263454	1,5066736	0,108012386
oct-10	1,365272405	1,38559968	0,177334501	0,070668004	0,023138073	0,179460163	0,641850193	0,148567339	0,077750385	0,032861357	0,628586848	1,487244385	0,10792637
nov-10	1,370784118	1,391426431	0,208950042	0,100631498	0,022032206	0,169586785	0,650694077	0,142801381	0,074599618	0,031314663	0,64517875	1,536982503	0,122332104
dic-10	1,374505626	1,395217389	0,204838122	0,094302093	0,021832087	0,167185632	0,656207003	0,14127122	0,075486806	0,027783381	0,635202026	1,725829288	0,122778103
ene-11	1,36824597	1,388220252	0,204086478	0,09676526	0,01512879	0,122406076	0,697898281	0,150060554	0,076094693	0,029603266	0,634325928	1,630524029	0,121836533
feb-11	1,356658432	1,376885083	0,18382249	0,071902624	0,014151888	0,114727028	0,715991637	0,147012233	0,076232617	0,029927301	0,625908539	1,594351798	0,118906379
mar-11	1,363561762	1,383032595	0,185525867	0,082596594	0,025385256	0,208347007	0,618292324	0,146235349	0,073941724	0,029443399	0,64361658	1,616325587	0,115830021
abr-11	1,366553878	1,386441902	0,174525297	0,068717296	0,023993679	0,194186706	0,626929024	0,144691257	0,072327082	0,029815186	0,654138152	1,586839137	0,102067519
may-11	1,36094087	1,38073446	0,165071264	0,059754762	0,023343837	0,186805353	0,634717419	0,142577048	0,071831274	0,028092554	0,645644607	1,650881407	0,109957429
jun-11	1,363273384	1,383127875	0,175028268	0,069686144	0,02280298	0,180727366	0,6353656	0,142271673	0,070820247	0,027250447	0,651320004	1,692693123	0,107259561
jul-11	1,360894987	1,380172434	0,163924512	0,062151583	0,022144684	0,173768121	0,641940737	0,146091171	0,070457166	0,028447149	0,652851535	1,616965864	0,098484513
ago-11	1,353990692	1,373210219	0,163283673	0,060526243	0,021746877	0,169349189	0,644072176	0,143893937	0,069020545	0,0278397	0,663514375	1,644993429	0,105839705
sep-11	1,35937772	1,37777327	0,155446179	0,056063403	0,022172309	0,171819489	0,641589327	0,141215149	0,068007841	0,027795994	0,665995534	1,629476454	0,096881298
oct-11	1,356276533	1,374105811	0,158454743	0,063541196	0,022069666	0,169793058	0,644311514	0,14095884	0,067049296	0,028610304	0,672923287	1,577020374	0,096131021
nov-11	1,357072698	1,375455206	0,187046977	0,087386502	0,021556721	0,165051792	0,650532045	0,138509211	0,067832692	0,027518673	0,658064255	1,622108382	0,097880018
dic-11	1,367082954	1,385597048	0,168863405	0,071637202	0,021406795	0,162742015	0,655530185	0,142273058	0,065578065	0,024662879	0,684046244	1,818864281	0,108195652
ene-12	1,349431832	1,367076027	0,166525749	0,075012623	0,018068036	0,139091102	0,664295302	0,155452377	0,066567732	0,026915388	0,686376671	1,697561943	0,106467461
feb-12	1,357813533	1,375846236	0,160724848	0,070990346	0,019602496	0,147896155	0,655444474	0,160977512	0,066717314	0,02803573	0,684663071	1,629309495	0,110183318
mar-12	1,362809349	1,381257274	0,162232642	0,067731139	0,027057765	0,207603676	0,60204625	0,152738137	0,069203019	0,027969632	0,658689647	1,629742979	0,111789504
abr-12	1,367500235	1,385763113	0,15880558	0,06669422	0,025266011	0,191628872	0,61657279	0,153326383	0,067373741	0,029338079	0,671314776	1,541647902	0,102460843
may-12	1,358697488	1,376882782	0,159709499	0,067757454	0,023591385	0,177001427	0,63404328	0,151570991	0,066822168	0,028668977	0,679280863	1,583280096	0,101893938
jun-12	1,358063235	1,375969215	0,166843443	0,074923123	0,022705251	0,169395164	0,640544341	0,149893127	0,068284056	0,028243403	0,663798233	1,604864509	0,078301301
jul-12	1,34541126	1,362794159	0,166061834	0,077547889	0,021710377	0,160616825	0,648093485	0,158772254	0,066977893	0,029100482	0,676006142	1,555900917	0,075887489
ago-12	1,350731223	1,36788784	0,152185069	0,065025785	0,021181166	0,155592428	0,652362995	0,15631905	0,067122977	0,028654226	0,679031547	1,590642151	0,097568734
sep-12	1,356442938	1,373090706	0,141667125	0,055625884	0,02136144	0,156324593	0,65112891	0,157695102	0,064923087	0,028740202	0,698038075	1,576842982	0,098012491
oct-12	1,347543067	1,363798814	0,147499824	0,063683824	0,020837522	0,151681489	0,655560121	0,157411224	0,064978438	0,028594047	0,696537273	1,582843591	0,104459701
nov-12	1,354679125	1,371012747	0,159325753	0,076022366	0,020672875	0,149676648	0,657141381	0,154854999	0,063864595	0,029254501	0,702449831	1,533496452	0,109225853
dic-12	1,367203032	1,384736229	0,161181243	0,072736078	0,020924431	0,150684111	0,663232082	0,153242418	0,065099903	0,027890478	0,69604029	1,62464605	0,110656315
ene-13	1,347986297	1,364943492	0,165904214	0,079988905	0,018465419	0,138375381	0,661665817	0,170099244	0,066994324	0,029684946	0,681161731	1,537276522	0,11143174
feb-13	1,341086599	1,358077947	0,158336506	0,072285581	0,023464265	0,176550717	0,619946213	0,173289058	0,068442426	0,030103851	0,665794769	1,513713631	0,12476175
mar-13	1,347452398	1,364220852	0,169640921	0,08130664	0,027238949	0,208444506	0,595712494	0,167799206	0,06860155	0,031795793	0,667911037	1,441062723	0,128208173
abr-13	1,341276591	1,357822946	0,152730233	0,064575749	0,025480023	0,194525933	0,609302117	0,166609126	0,067646243	0,032014749	0,679656903	1,436095457	0,130201795
may-13	1,333380061	1,349726724	0,159754095	0,070651537	0,02258792	0,171906161	0,635134707	0,163917913	0,067125457	0,030450196	0,677935034	1,494463266	0,124378177
jun-13	1,34692366	1,363846571	0,156900065	0,063538548	0,019727231	0,150006951	0,669050309	0,162064978	0,068542238	0,029559138	0,657786595	1,525286899	0,116890849
jul-13	1,335087463	1,351627144	0,158376523	0,067233774	0,019459271	0,147924619	0,668622214	0,16530194	0,067289568	0,02908212	0,671588713	1,553907141	0,121343535
ago-13	1,346127074	1,362380532	0,142845516	0,056844477	0,018753462	0,141650272	0,675317471	0,14746491	0,067730516	0,029647042	0,664136021	1,517260149	0,122151892
sep-13	1,341689771	1,358481596	0,14422223	0,055427203	0,018784168	0,141065743	0,675145298	0,151120249	0,066983696	0,029600634	0,669194801	1,514330444	0,110346444
oct-13	1,339855691	1,356579975	0,147909048	0,059703289	0,018250422	0,136207053	0,678261002	0,142145624	0,066373326	0,029318634	0,674008867	1,525862729	0,096478387
nov-13	1,353325588	1,369950953	0,154071476	0,067165171	0,017846484	0,132461154	0,682278889	0,141760784	0,066159426	0,029958468	0,67321927	1,486718199	0,105408653
dic-13	1,365205264	1,382356631	0,150228978	0,063797571	0,017766145	0,130858011	0,686194424	0,146815701	0,064866466	0,027911205	0,69096837	1,605830933	0,097947678
ene-14	1,34691576	1,363659103	0,173325285	0,087943245	0,013110757	0,09725931	0,698625036	0,144043859	0,065269752	0,029142077	0,688586861	1,542233716	0,101351614
feb-14	1,34390191	1,359994126	0,162946435	0,078724799	0,015246297	0,114608812	0,682032247	0,143176702	0,064148012	0,029657594	0,694735264	1,502680421	0,102281221
mar-14	1,358647243	1,374953867	0,15479229	0,072572729	0,022687841	0,171748051	0,607781819	0,154980373	0,064993442	0,030439661	0,685696243	1,464068818	0,103382295
abr-14	1,350030911	1,36591415	0,16586371	0,08570189	0,020717325	0,154669922	0,625661515	0,153994904	0,064550715	0,030912438	0,687862954	1,436381237	0,091105904
may-14	1,35252423	1,368118521	0,149631028	0,071783278	0,019474421	0,143620778	0,641507744	0,153115519	0,064406732	0,030494946	0,689352347	1,455943935	0,073549015
jun-14	1,359392145	1,375103884	0,146371782	0,066647323	0,019048776	0,139762324	0,648941826	0,149577963	0,065908558	0,030684742	0,671220341	1,441731676	0,077905935
jul-14	1,348752767	1,36452588	0,153835384	0,074111378	0,018439922	0,134380055	0,654724131	0,1493	0,065197213	0,029891338	0,679470631	1,482021032	0,073461254
ago-14	1,355888617	1,371586537	0,14342922	0,064166325	0,018354605	0,133048681	0,656554624	0,1502	0,065360229	0,030888593	0,678225231	1,435123843	0,075758068
sep-14	1,359016056	1,374851519	0,148975551	0,068735303	0,018197776	0,131332402	0,65836304	0,1526	0,065840716	0,030635112	0,671117747	1,442360437	0,073389364
oct-14	1,347859902	1,363200578	0,156574724	0,077902548	0,018190525	0,130782241	0,657549126	0,1513	0,064992272	0,030348373	0,680025526	1,456302271	
nov-14	1,365008578	1,379783877	0,16180707	0,087401716	0,017574032	0,125775733	0,665625833	0,1527	0,064460392	0,030598522	0,679505232	1,43148002	
dic-14	1,364482635	1,379740807	0,155721776	0,078885431	0,019194324	0,136772378	0,662046814	0,1511	0,064314561	0,029142438	0,681779012	1,504620782	
